4.11493396759033 4.49307250976562 0.785697221755981 298.126342773438 659.164309501648 297.558816 0 0.96755445
3.60081577301025 13.9379272460938 0.245919600129128 281.559844970703 609.41743850708 36.77972 0 0.9998495
6.20283508300781 9.88406372070312 0.186528787016869 291.663360595703 1364.15004730225 35.065856 0 0.9398089
1.68600749969482 5.67550659179688 0.234397441148758 289.910034179688 355.749845504761 90.102448 0 0.9999993
4.75182676315308 5.87435913085938 0.239018648862839 291.420166015625 987.646281719208 51.091212 0 0.94106585
6.71881246566772 7.2005615234375 0.176439493894577 297.137268066406 1240.69452285767 53.221788 0 0.80881363
9.59074115753174 8.58026123046875 0.144503861665726 293.492156982422 987.108767032623 23.323838 0 0.78528404
2.80648994445801 6.16455078125 0.211773276329041 292.15673828125 1363.98077011108 136.65856 0 0.99698585
9.40128326416016 6.4300537109375 0.201972708106041 298.307708740234 653.760612010956 104.298 0 0.5631477
6.32012987136841 9.34317016601562 0.65894490480423 288.030914306641 1370.42558193207 63.527152 0 0.98938364
5.98430633544922 6.72015380859375 0.713256895542145 290.748168945312 1383.0064535141 95.866656 0 0.89342254
8.56911659240723 5.28140258789062 0.136380657553673 297.470275878906 659.76220369339 149.39168 0 0.60427266
5.31446933746338 6.65554809570312 0.70229184627533 293.300018310547 995.016276836395 126.007968 0 0.9961132
8.49190807342529 7.07662963867188 0.5600306391716 292.169616699219 994.664132595062 136.931184 0 0.42463416
1.66714477539062 5.36758422851562 0.115070104598999 295.508239746094 765.414714813232 35.635404 0 0.99330175
1.2868127822876 2.78131103515625 0.1179588586092 292.520599365234 1387.13181018829 66.244484 0 0.97697026
3.93215370178223 3.20089721679688 0.178495556116104 293.845886230469 1391.36183261871 29.512856 0 0.42112502
3.08943748474121 2.5574951171875 0.334147453308105 295.150360107422 1824.65779781342 55.87876 0 0.02063182
4.53081703186035 6.26611328125 0.139946043491364 298.238067626953 2328.00722122192 17.640912 0 0.122547716
2.93521976470947 2.05316162109375 0.193569883704185 297.372955322266 1845.79479694366 99.364336 0 0.090997726
4.76119899749756 4.80606079101562 0.290704727172852 294.683746337891 1542.26922988892 89.423592 0 0.68035454
5.67071485519409 3.98406982421875 0.64780867099762 291.574768066406 1585.23595333099 20.311528 0 0
3.14752864837646 5.80264282226562 0.383569180965424 292.151184082031 1392.48418807983 80.693336 0 0.99994487
6.75792026519775 6.05648803710938 0.596311450004578 292.648223876953 1386.98744773865 102.351872 0 0.26335457
9.06839179992676 8.53030395507812 0.300113469362259 298.261413574219 1848.37912506922 173.582 0 0.6104682
1.74866676330566 3.93896484375 0.387875288724899 295.874114990234 1399.46365356445 94.160848 0 0.9999993
4.58145618438721 4.44503784179688 0.541116535663605 297.640991210938 1701.04646682739 125.643008 0 0.45526817
3.07686233520508 9.95742797851562 0.355881631374359 292.707550048828 1398.02122116089 64.283064 0 0.9999993
6.92773532867432 7.1544189453125 0.437638133764267 293.550994873047 1461.27319335938 70.272608 0 0.8234976
3.76693153381348 8.64480590820312 0.277080535888672 298.424041748047 2330.64436912537 30.436256 0 0.9847973
1.83549308776855 4.68319702148438 0.269283443689346 292.785888671875 1379.59206104279 52.913872 0 0.99993795
6.46925449371338 7.13751220703125 0.378565520048141 296.812072753906 1521.83759212494 120.952968 0 0.90896356
7.07550716400146 9.69635009765625 0.714186787605286 291.881958007812 1635.59985160828 179.335776 0 0.9742224
2.72826290130615 3.3294677734375 0.31534481048584 292.543395996094 922.051876690742 134.720544 0 0.9781521
4.14360904693604 12.4603881835938 0.561253905296326 297.739868164062 1858.40845108032 119.874968 0 0.9999993
8.46330165863037 14.1180725097656 0.629890322685242 295.859191894531 1747.67708778381 192.476848 0 0.9993925
5.23853397369385 4.61557006835938 0.790897727012634 292.325531005859 1382.11226463318 116.98424 0 0.3810318
9.17892837524414 10.2959289550781 0.263343870639801 294.392456054688 1001.34885311127 68.523624 0 0.91793174
4.18676519393921 3.50909423828125 0.546806633472443 293.121368408203 1385.92922687531 67.011156 0 0.4712045
8.38757610321045 7.18145751953125 0.331793576478958 293.620452880859 1474.67720508575 111.123792 0 0.39164552
5.7634744644165 7.03378295898438 0.289408475160599 299.210052490234 1406.69691562653 37.471572 0 0.97444516
1.67462921142578 7.60995483398438 0.354475378990173 289.199981689453 1366.17922782898 48.23396 0 0.9999993
6.70353031158447 7.62847900390625 0.87539154291153 295.542724609375 1407.53614902496 118.300568 0 0.9749338
6.15661287307739 7.86990356445312 0.27274277806282 296.675720214844 1831.41553401947 65.061324 0 0.8853067
6.28239059448242 8.786376953125 0.74861741065979 291.26806640625 1367.4613237381 74.490576 0 0.99774265
4.78984260559082 12.2855529785156 0.750722944736481 288.283996582031 1879.69434261322 152.090544 0 0.9999993
2.77290725708008 4.7197265625 0.111472852528095 292.451263427734 644.743323326111 68.441288 0 0.9320727
1.94033050537109 6.57376098632812 0.285489141941071 292.998901367188 991.667853879881 80.803088 0 0.9999993
4.31696653366089 9.42404174804688 0.576016008853912 289.56494140625 1392.17048839266 173.94768 0 0.9999993
1.87997341156006 4.46197509765625 0.130208030343056 291.398132324219 710.458932055666 58.274308 0 0.99062675
6.893883228302 5.68618774414062 0.489194303750992 290.943237304688 1285.03549098969 83.164032 0 0.103352286
