1.07682371139526 1.76104736328125 0.2441096752882 282.140411376953 950.822353363037 55.046108 0 0.9756747
1.36160087585449 1.80084228515625 0.194753989577293 291.272857666016 1812.03413009644 11.333912 0 0.7269431
3.09912347793579 2.68740844726562 0.101872503757477 278.552673339844 342.589616775513 10.657897 0 0
2.06638813018799 2.58316040039062 0.390398591756821 278.056488037109 2160.13121604919 12.515145 0 0.0033636363
2.80150175094604 13.6515808105469 0.359361201524734 291.158020019531 270.375926828277 42.146876 0 0.9809406
4.24782276153564 6.17218017578125 0.663229584693909 290.315795898438 1370.70214748383 11.13521 0 0.6770499
10.5193252563477 12.8791809082031 0.23117807507515 296.908721923828 1389.14501667023 33.89052 0 0.91308177
10.2126588821411 14.5818481445312 0.878458738327026 294.815856933594 665.985643863678 78.597824 0 0.9863177
6.50134086608887 12.4942321777344 1.66819453239441 292.178131103516 1386.98124885559 69.483144 0 0.97225195
3.5855188369751 4.9039306640625 0.459709763526917 301.710784912109 1001.62649154663 71.001208 0 0.9970495
4.8020715713501 11.4711303710938 0.690316557884216 296.603698730469 2375.66065788269 21.330532 0 0.59503406
4.11493396759033 4.49307250976562 0.785697221755981 298.126342773438 659.164309501648 297.558816 0 0.96755445
2.41159772872925 2.56146240234375 0.512327551841736 290.948333740234 638.388574123383 12.126474 0 0.3642682
4.77486610412598 5.14218139648438 0.72356504201889 295.772583007812 1094.91097927094 25.667772 0 0.42961362
7.08795642852783 11.1853637695312 0.460964053869247 294.428588867188 1829.48295658324 42.000104 0 0.9929018
5.15828323364258 4.59909057617188 0.475689083337784 287.059020996094 1353.90102863312 82.073216 0 0
3.60081577301025 13.9379272460938 0.245919600129128 281.559844970703 609.41743850708 36.77972 0 0.9998495
6.20283508300781 9.88406372070312 0.186528787016869 291.663360595703 1364.15004730225 35.065856 0 0.9398089
1.68600749969482 5.67550659179688 0.234397441148758 289.910034179688 355.749845504761 90.102448 0 0.9999993
4.75182676315308 5.87435913085938 0.239018648862839 291.420166015625 987.646281719208 51.091212 0 0.94106585
6.71881246566772 7.2005615234375 0.176439493894577 297.137268066406 1240.69452285767 53.221788 0 0.80881363
9.59074115753174 8.58026123046875 0.144503861665726 293.492156982422 987.108767032623 23.323838 0 0.78528404
2.80648994445801 6.16455078125 0.211773276329041 292.15673828125 1363.98077011108 136.65856 0 0.99698585
9.40128326416016 6.4300537109375 0.201972708106041 298.307708740234 653.760612010956 104.298 0 0.5631477
3.39348030090332 9.557373046875 0.769399106502533 288.987335205078 1364.84229564667 40.937204 0 0.85145223
6.32012987136841 9.34317016601562 0.65894490480423 288.030914306641 1370.42558193207 63.527152 0 0.98938364
1.94752216339111 7.23919677734375 0.827770531177521 282.695190429688 949.529469013214 79.11276 0 0.9754974
5.98430633544922 6.72015380859375 0.713256895542145 290.748168945312 1383.0064535141 95.866656 0 0.89342254
3.10231304168701 9.76882934570312 0.55135190486908 293.490600585938 1070.87349891663 12.191614 0 0.73520905
8.56911659240723 5.28140258789062 0.136380657553673 297.470275878906 659.76220369339 149.39168 0 0.60427266
5.31446933746338 6.65554809570312 0.70229184627533 293.300018310547 995.016276836395 126.007968 0 0.9961132
8.49190807342529 7.07662963867188 0.5600306391716 292.169616699219 994.664132595062 136.931184 0 0.42463416
1.66714477539062 5.36758422851562 0.115070104598999 295.508239746094 765.414714813232 35.635404 0 0.99330175
3.62928247451782 4.48196411132812 0.213633090257645 290.729431152344 2108.04390907288 16.792398 0 0.5901273
1.2868127822876 2.78131103515625 0.1179588586092 292.520599365234 1387.13181018829 66.244484 0 0.97697026
3.93215370178223 3.20089721679688 0.178495556116104 293.845886230469 1391.36183261871 29.512856 0 0.42112502
3.08943748474121 2.5574951171875 0.334147453308105 295.150360107422 1824.65779781342 55.87876 0 0.02063182
4.53081703186035 6.26611328125 0.139946043491364 298.238067626953 2328.00722122192 17.640912 0 0.122547716
2.93521976470947 2.05316162109375 0.193569883704185 297.372955322266 1845.79479694366 99.364336 0 0.090997726
4.76119899749756 4.80606079101562 0.290704727172852 294.683746337891 1542.26922988892 89.423592 0 0.68035454
2.3717041015625 5.67987060546875 0.388940393924713 285.117797851562 2192.58952140808 24.975358 0 0.83400667
5.67071485519409 3.98406982421875 0.64780867099762 291.574768066406 1585.23595333099 20.311528 0 0
3.14752864837646 5.80264282226562 0.383569180965424 292.151184082031 1392.48418807983 80.693336 0 0.99994487
6.75792026519775 6.05648803710938 0.596311450004578 292.648223876953 1386.98744773865 102.351872 0 0.26335457
9.06839179992676 8.53030395507812 0.300113469362259 298.261413574219 1848.37912506922 173.582 0 0.6104682
3.81530570983887 4.1341552734375 0.412693381309509 295.560150146484 1825.95777511597 32.377508 0 0.56160456
1.74866676330566 3.93896484375 0.387875288724899 295.874114990234 1399.46365356445 94.160848 0 0.9999993
4.58145618438721 4.44503784179688 0.541116535663605 297.640991210938 1701.04646682739 125.643008 0 0.45526817
2.71633958816528 6.90469360351562 0.139064222574234 289.127075195312 2183.71224403381 41.097704 0 0.61758864
6.08876895904541 9.16757202148438 0.36067807674408 291.345764160156 1399.10495281219 20.978704 0 0.94543386
3.07686233520508 9.95742797851562 0.355881631374359 292.707550048828 1398.02122116089 64.283064 0 0.9999993
6.92773532867432 7.1544189453125 0.437638133764267 293.550994873047 1461.27319335938 70.272608 0 0.8234976
3.76693153381348 8.64480590820312 0.277080535888672 298.424041748047 2330.64436912537 30.436256 0 0.9847973
1.83549308776855 4.68319702148438 0.269283443689346 292.785888671875 1379.59206104279 52.913872 0 0.99993795
6.46925449371338 7.13751220703125 0.378565520048141 296.812072753906 1521.83759212494 120.952968 0 0.90896356
9.41389083862305 11.5752258300781 0.143175527453423 298.362762451172 1399.66630935669 61.584016 0 0.8025045
4.42926502227783 8.75979614257812 0.682368159294128 294.376556396484 1830.93583583832 32.32332 0 0.75833184
1.99762582778931 2.4486083984375 0.176182299852371 278.446594238281 342.617779970169 24.97864 0 0.5804137
2.26688385009766 11.4631958007812 0.887288153171539 292.206909179688 2267.90046691895 101.005288 0 0.9997516
7.07550716400146 9.69635009765625 0.714186787605286 291.881958007812 1635.59985160828 179.335776 0 0.9742224
2.72826290130615 3.3294677734375 0.31534481048584 292.543395996094 922.051876690742 134.720544 0 0.9781521
6.59682273864746 8.18692016601562 0.664106667041779 297.741363525391 1392.44604110718 61.53942 0 0.983295
4.14360904693604 12.4603881835938 0.561253905296326 297.739868164062 1858.40845108032 119.874968 0 0.9999993
8.46330165863037 14.1180725097656 0.629890322685242 295.859191894531 1747.67708778381 192.476848 0 0.9993925
5.23853397369385 4.61557006835938 0.790897727012634 292.325531005859 1382.11226463318 116.98424 0 0.3810318
9.17892837524414 10.2959289550781 0.263343870639801 294.392456054688 1001.34885311127 68.523624 0 0.91793174
4.18676519393921 3.50909423828125 0.546806633472443 293.121368408203 1385.92922687531 67.011156 0 0.4712045
8.38757610321045 7.18145751953125 0.331793576478958 293.620452880859 1474.67720508575 111.123792 0 0.39164552
5.7634744644165 7.03378295898438 0.289408475160599 299.210052490234 1406.69691562653 37.471572 0 0.97444516
1.67462921142578 7.60995483398438 0.354475378990173 289.199981689453 1366.17922782898 48.23396 0 0.9999993
3.2283148765564 5.59524536132812 0.141878262162209 286.976745605469 1366.84668064117 60.895008 0 0
6.70353031158447 7.62847900390625 0.87539154291153 295.542724609375 1407.53614902496 118.300568 0 0.9749338
6.15661287307739 7.86990356445312 0.27274277806282 296.675720214844 1831.41553401947 65.061324 0 0.8853067
2.92272710800171 4.87347412109375 0.230997860431671 291.824493408203 979.917824268341 12.375486 0 0.8193863
4.38958168029785 6.63864135742188 0.440176963806152 287.517333984375 1289.15321826935 14.872569 0 0.5185499
6.28239059448242 8.786376953125 0.74861741065979 291.26806640625 1367.4613237381 74.490576 0 0.99774265
1.23365306854248 6.66348266601562 0.654727518558502 294.133819580078 2077.19969749451 72.210128 0 0.9998289
4.78984260559082 12.2855529785156 0.750722944736481 288.283996582031 1879.69434261322 152.090544 0 0.9999993
2.77290725708008 4.7197265625 0.111472852528095 292.451263427734 644.743323326111 68.441288 0 0.9320727
6.02166748046875 9.37646484375 0.769172191619873 289.184234619141 1367.09237098694 47.664132 0 0.8687567
1.94033050537109 6.57376098632812 0.285489141941071 292.998901367188 991.667853879881 80.803088 0 0.9999993
4.31696653366089 9.42404174804688 0.576016008853912 289.56494140625 1392.17048839266 173.94768 0 0.9999993
1.87997341156006 4.46197509765625 0.130208030343056 291.398132324219 710.458932055666 58.274308 0 0.99062675
4.87820339202881 4.00238037109375 0.396891832351685 285.854278564453 1352.68485546112 21.135524 0 0
6.893883228302 5.68618774414062 0.489194303750992 290.943237304688 1285.03549098969 83.164032 0 0.103352286
4.46153831481934 7.796142578125 0.229445904493332 282.831634521484 948.6203789711 17.513602 0 0.9317522
2.42798042297363 4.60626220703125 0.243897780776024 298.816009521484 1621.18530273438 24.07598 0 0.9775656
1.41579055786133 4.33816528320312 0.236304745078087 284.255706787109 2205.06858825684 16.687372 0 0.97579974
2.73728179931641 5.24368286132812 0.613322794437408 291.125701904297 1807.22653865814 37.611144 0 0.80876577
3.07638549804688 7.43414306640625 0.912245452404022 300.114135742188 2212.73517608643 44.259228 0 0.810409
